MQAR sample dump
  min_query_pos: 128

  query index range (delayed): positions t in [128, 256) where labels[t] != -100


========================================================================
sample_id = 0

input_ids:
  [191, 289, 7, 419, 80, 331, 206, 383, 118, 278, 186, 490, 202, 396, 168, 292, 10, 295, 31, 404, 181, 352, 222, 256, 230, 306, 217, 298, 137, 437, 69, 465, 459, 313, 21, 252, 235, 344, 48, 474, 58, 510, 169, 511, 475, 187, 463, 270, 189, 445, 174, 445, 50, 363, 54, 243, 319, 504, 130, 484, 306, 134, 20, 328, 166, 273, 387, 88, 315, 13, 241, 505, 264, 345, 52, 385, 339, 91, 366, 443, 454, 427, 508, 263, 430, 34, 205, 80, 419, 49, 359, 387, 1, 509, 389, 53, 105, 259, 309, 476, 190, 401, 217, 43, 161, 201, 445, 483, 269, 350, 303, 270, 455, 461, 214, 251, 504, 189, 295, 212, 207, 236, 337, 366, 52, 279, 409, 216, 31, 187, 379, 492, 40, 156, 14, 300, 64, 344, 326, 8, 343, 128, 222, 135, 471, 62, 138, 498, 80, 391, 7, 418, 288, 378, 206, 489, 230, 505, 40, 27, 191, 200, 327, 267, 118, 32, 80, 502, 202, 61, 215, 292, 98, 171, 359, 213, 474, 34, 448, 226, 100, 430, 230, 130, 256, 4, 69, 502, 137, 397, 358, 282, 181, 206, 10, 345, 41, 379, 460, 178, 62, 351, 230, 240, 51, 508, 168, 387, 221, 484, 406, 230, 236, 142, 170, 28, 35, 12, 159, 326, 217, 242, 85, 283, 65, 169, 44, 61, 440, 500, 133, 283, 27, 107, 43, 339, 285, 445, 186, 127, 505, 502, 347, 472, 230, 189, 224, 384, 376, 282, 445, 120, 115, 460, 232, 258]

labels:
  [-100, -100, -100, -100, -100, -100, -100, -100, -100, -100, -100, -100, -100, -100, -100, -100, -100, -100, -100, -100, -100, -100, -100, -100, -100, -100, -100, -100, -100, -100, -100, -100, -100, -100, -100, -100, -100, -100, -100, -100, -100, -100, -100, -100, -100, -100, -100, -100, -100, -100, -100, -100, -100, -100, -100, -100, -100, -100, -100, -100, -100, -100, -100, -100, -100, -100, -100, -100, -100, -100, -100, -100, -100, -100, -100, -100, -100, -100, -100, -100, -100, -100, -100, -100, -100, -100, -100, -100, -100, -100, -100, -100, -100, -100, -100, -100, -100, -100, -100, -100, -100, -100, -100, -100, -100, -100, -100, -100, -100, -100, -100, -100, -100, -100, -100, -100, -100, -100, -100, -100, -100, -100, -100, -100, -100, -100, -100, -100, 404, -100, -100, -100, -100, -100, -100, -100, -100, -100, -100, -100, -100, -100, 256, -100, -100, -100, -100, -100, -100, -100, 419, -100, -100, -100, 383, -100, -100, -100, -100, -100, 289, -100, -100, -100, 278, -100, 331, -100, 396, -100, -100, -100, -100, -100, -100, -100, -100, -100, -100, -100, -100, -100, 306, -100, -100, -100, 465, -100, 437, -100, -100, -100, 352, -100, 295, -100, -100, -100, -100, -100, -100, -100, -100, -100, -100, -100, 292, -100, -100, -100, -100, -100, -100, -100, -100, -100, -100, -100, -100, -100, 298, -100, -100, -100, -100, -100, -100, -100, -100, -100, -100, -100, -100, -100, -100, -100, -100, -100, 490, -100, -100, -100, -100, -100, -100, -100, -100, -100, -100, -100, -100, -100, -100, -100, -100, -100]

KV prefix (first 2 * num_kv_pairs positions):
  191 -> 289
  7 -> 419
  80 -> 331
  206 -> 383
  118 -> 278
  186 -> 490
  202 -> 396
  168 -> 292
  10 -> 295
  31 -> 404
  181 -> 352
  222 -> 256
  230 -> 306
  217 -> 298
  137 -> 437
  69 -> 465

Query position range (this sample): min_t=128 max_t=238 (count=16)

Query positions:
  pos=128, query=31, expected_label=404, kv_lookup=404, OK
  pos=142, query=222, expected_label=256, kv_lookup=256, OK
  pos=150, query=7, expected_label=419, kv_lookup=419, OK
  pos=154, query=206, expected_label=383, kv_lookup=383, OK
  pos=160, query=191, expected_label=289, kv_lookup=289, OK
  pos=164, query=118, expected_label=278, kv_lookup=278, OK
  pos=166, query=80, expected_label=331, kv_lookup=331, OK
  pos=168, query=202, expected_label=396, kv_lookup=396, OK
  pos=182, query=230, expected_label=306, kv_lookup=306, OK
  pos=186, query=69, expected_label=465, kv_lookup=465, OK
  pos=188, query=137, expected_label=437, kv_lookup=437, OK
  pos=192, query=181, expected_label=352, kv_lookup=352, OK
  pos=194, query=10, expected_label=295, kv_lookup=295, OK
  pos=206, query=168, expected_label=292, kv_lookup=292, OK
  pos=220, query=217, expected_label=298, kv_lookup=298, OK
  pos=238, query=186, expected_label=490, kv_lookup=490, OK

Annotated sequence:
  191 289 7 419 80 331 206 383 118 278 186 490 202 396 168 292 10 295 31 404 181 352 222 256 230 306 217 298 137 437 69 465 459 313 21 252 235 344 48 474 58 510 169 511 475 187 463 270 189 445 174 445 50 363 54 243 319 504 130 484 306 134 20 328 166 273 387 88 315 13 241 505 264 345 52 385 339 91 366 443 454 427 508 263 430 34 205 80 419 49 359 387 1 509 389 53 105 259 309 476 190 401 217 43 161 201 445 483 269 350 303 270 455 461 214 251 504 189 295 212 207 236 337 366 52 279 409 216 31 [Q=31 A=404] 187 379 492 40 156 14 300 64 344 326 8 343 128 222 [Q=222 A=256] 135 471 62 138 498 80 391 7 [Q=7 A=419] 418 288 378 206 [Q=206 A=383] 489 230 505 40 27 191 [Q=191 A=289] 200 327 267 118 [Q=118 A=278] 32 80 [Q=80 A=331] 502 202 [Q=202 A=396] 61 215 292 98 171 359 213 474 34 448 226 100 430 230 [Q=230 A=306] 130 256 4 69 [Q=69 A=465] 502 137 [Q=137 A=437] 397 358 282 181 [Q=181 A=352] 206 10 [Q=10 A=295] 345 41 379 460 178 62 351 230 240 51 508 168 [Q=168 A=292] 387 221 484 406 230 236 142 170 28 35 12 159 326 217 [Q=217 A=298] 242 85 283 65 169 44 61 440 500 133 283 27 107 43 339 285 445 186 [Q=186 A=490] 127 505 502 347 472 230 189 224 384 376 282 445 120 115 460 232 258

========================================================================
sample_id = 1

input_ids:
  [174, 425, 247, 438, 88, 343, 73, 473, 165, 289, 77, 457, 231, 437, 141, 328, 253, 385, 72, 274, 219, 357, 10, 345, 162, 476, 79, 299, 134, 444, 225, 285, 112, 439, 80, 186, 112, 1, 129, 219, 53, 342, 484, 223, 224, 384, 402, 125, 129, 52, 171, 217, 159, 197, 415, 246, 323, 438, 202, 183, 122, 400, 254, 293, 279, 324, 371, 97, 197, 469, 394, 510, 239, 143, 96, 200, 123, 186, 325, 463, 348, 258, 147, 251, 442, 419, 402, 345, 450, 510, 146, 147, 351, 198, 307, 488, 416, 423, 127, 38, 337, 359, 128, 266, 475, 440, 472, 433, 150, 414, 477, 297, 98, 262, 251, 143, 345, 111, 504, 499, 59, 368, 1, 384, 303, 253, 139, 452, 36, 159, 506, 502, 73, 232, 98, 146, 303, 207, 162, 403, 151, 53, 119, 160, 407, 115, 72, 112, 134, 419, 421, 103, 88, 253, 226, 111, 247, 472, 141, 152, 348, 401, 383, 365, 165, 193, 225, 162, 207, 444, 168, 483, 160, 67, 288, 397, 276, 303, 403, 503, 219, 391, 134, 194, 400, 127, 32, 175, 459, 442, 370, 469, 174, 21, 237, 157, 37, 229, 79, 50, 437, 263, 282, 26, 225, 276, 285, 96, 283, 366, 447, 480, 452, 507, 316, 303, 231, 3, 34, 191, 48, 511, 253, 171, 77, 157, 476, 45, 372, 5, 98, 379, 232, 36, 279, 348, 496, 301, 180, 94, 98, 187, 480, 115, 10, 252, 468, 415, 470, 160, 255, 322, 127, 17, 280, 489]

labels:
  [-100, -100, -100, -100, -100, -100, -100, -100, -100, -100, -100, -100, -100, -100, -100, -100, -100, -100, -100, -100, -100, -100, -100, -100, -100, -100, -100, -100, -100, -100, -100, -100, -100, -100, -100, -100, -100, -100, -100, -100, -100, -100, -100, -100, -100, -100, -100, -100, -100, -100, -100, -100, -100, -100, -100, -100, -100, -100, -100, -100, -100, -100, -100, -100, -100, -100, -100, -100, -100, -100, -100, -100, -100, -100, -100, -100, -100, -100, -100, -100, -100, -100, -100, -100, -100, -100, -100, -100, -100, -100, -100, -100, -100, -100, -100, -100, -100, -100, -100, -100, -100, -100, -100, -100, -100, -100, -100, -100, -100, -100, -100, -100, -100, -100, -100, -100, -100, -100, -100, -100, -100, -100, -100, -100, -100, -100, -100, -100, -100, -100, -100, -100, 473, -100, -100, -100, -100, -100, 476, -100, -100, -100, -100, -100, -100, -100, 274, -100, 444, -100, -100, -100, 343, -100, -100, -100, 438, -100, 328, -100, -100, -100, -100, -100, 289, -100, 285, -100, -100, -100, -100, -100, -100, -100, -100, -100, -100, -100, -100, -100, 357, -100, -100, -100, -100, -100, -100, -100, -100, -100, -100, -100, 425, -100, -100, -100, -100, -100, 299, -100, -100, -100, -100, -100, -100, -100, -100, -100, -100, -100, -100, -100, -100, -100, -100, -100, 437, -100, -100, -100, -100, -100, 385, -100, 457, -100, -100, -100, -100, -100, -100, -100, -100, -100, -100, -100, -100, -100, -100, -100, -100, -100, -100, -100, 345, -100, -100, -100, -100, -100, -100, -100, -100, -100, -100, -100]

KV prefix (first 2 * num_kv_pairs positions):
  174 -> 425
  247 -> 438
  88 -> 343
  73 -> 473
  165 -> 289
  77 -> 457
  231 -> 437
  141 -> 328
  253 -> 385
  72 -> 274
  219 -> 357
  10 -> 345
  162 -> 476
  79 -> 299
  134 -> 444
  225 -> 285

Query position range (this sample): min_t=132 max_t=244 (count=16)

Query positions:
  pos=132, query=73, expected_label=473, kv_lookup=473, OK
  pos=138, query=162, expected_label=476, kv_lookup=476, OK
  pos=146, query=72, expected_label=274, kv_lookup=274, OK
  pos=148, query=134, expected_label=444, kv_lookup=444, OK
  pos=152, query=88, expected_label=343, kv_lookup=343, OK
  pos=156, query=247, expected_label=438, kv_lookup=438, OK
  pos=158, query=141, expected_label=328, kv_lookup=328, OK
  pos=164, query=165, expected_label=289, kv_lookup=289, OK
  pos=166, query=225, expected_label=285, kv_lookup=285, OK
  pos=180, query=219, expected_label=357, kv_lookup=357, OK
  pos=192, query=174, expected_label=425, kv_lookup=425, OK
  pos=198, query=79, expected_label=299, kv_lookup=299, OK
  pos=216, query=231, expected_label=437, kv_lookup=437, OK
  pos=222, query=253, expected_label=385, kv_lookup=385, OK
  pos=224, query=77, expected_label=457, kv_lookup=457, OK
  pos=244, query=10, expected_label=345, kv_lookup=345, OK

Annotated sequence:
  174 425 247 438 88 343 73 473 165 289 77 457 231 437 141 328 253 385 72 274 219 357 10 345 162 476 79 299 134 444 225 285 112 439 80 186 112 1 129 219 53 342 484 223 224 384 402 125 129 52 171 217 159 197 415 246 323 438 202 183 122 400 254 293 279 324 371 97 197 469 394 510 239 143 96 200 123 186 325 463 348 258 147 251 442 419 402 345 450 510 146 147 351 198 307 488 416 423 127 38 337 359 128 266 475 440 472 433 150 414 477 297 98 262 251 143 345 111 504 499 59 368 1 384 303 253 139 452 36 159 506 502 73 [Q=73 A=473] 232 98 146 303 207 162 [Q=162 A=476] 403 151 53 119 160 407 115 72 [Q=72 A=274] 112 134 [Q=134 A=444] 419 421 103 88 [Q=88 A=343] 253 226 111 247 [Q=247 A=438] 472 141 [Q=141 A=328] 152 348 401 383 365 165 [Q=165 A=289] 193 225 [Q=225 A=285] 162 207 444 168 483 160 67 288 397 276 303 403 503 219 [Q=219 A=357] 391 134 194 400 127 32 175 459 442 370 469 174 [Q=174 A=425] 21 237 157 37 229 79 [Q=79 A=299] 50 437 263 282 26 225 276 285 96 283 366 447 480 452 507 316 303 231 [Q=231 A=437] 3 34 191 48 511 253 [Q=253 A=385] 171 77 [Q=77 A=457] 157 476 45 372 5 98 379 232 36 279 348 496 301 180 94 98 187 480 115 10 [Q=10 A=345] 252 468 415 470 160 255 322 127 17 280 489

========================================================================
sample_id = 2

input_ids:
  [186, 322, 48, 475, 55, 397, 156, 352, 193, 341, 66, 353, 64, 433, 146, 376, 126, 383, 187, 448, 88, 488, 224, 263, 40, 426, 102, 269, 22, 401, 217, 270, 408, 407, 12, 315, 505, 390, 312, 35, 172, 19, 320, 263, 511, 493, 399, 141, 459, 370, 470, 142, 91, 353, 321, 287, 214, 446, 341, 50, 152, 185, 62, 189, 124, 149, 313, 57, 341, 304, 179, 169, 325, 270, 53, 490, 443, 100, 480, 263, 52, 59, 491, 107, 4, 102, 195, 261, 364, 479, 371, 349, 46, 354, 310, 423, 307, 143, 268, 369, 123, 105, 157, 146, 144, 119, 318, 274, 91, 57, 438, 345, 228, 473, 116, 317, 278, 126, 392, 395, 500, 128, 57, 121, 0, 238, 289, 95, 125, 117, 47, 88, 487, 236, 372, 384, 48, 188, 486, 191, 224, 68, 277, 348, 246, 450, 64, 153, 143, 434, 484, 85, 184, 284, 193, 219, 68, 46, 55, 93, 187, 445, 499, 452, 88, 399, 217, 473, 431, 340, 38, 99, 288, 253, 221, 356, 156, 249, 126, 245, 324, 99, 289, 179, 222, 393, 249, 146, 441, 95, 256, 503, 324, 492, 22, 15, 279, 335, 246, 257, 496, 475, 383, 159, 474, 339, 151, 395, 66, 162, 40, 32, 416, 444, 178, 426, 100, 267, 322, 64, 416, 167, 329, 42, 43, 284, 396, 11, 94, 301, 385, 252, 498, 241, 186, 214, 146, 89, 102, 92, 409, 457, 89, 509, 417, 114, 217, 390, 195, 313, 500, 113, 492, 74, 412, 375]

labels:
  [-100, -100, -100, -100, -100, -100, -100, -100, -100, -100, -100, -100, -100, -100, -100, -100, -100, -100, -100, -100, -100, -100, -100, -100, -100, -100, -100, -100, -100, -100, -100, -100, -100, -100, -100, -100, -100, -100, -100, -100, -100, -100, -100, -100, -100, -100, -100, -100, -100, -100, -100, -100, -100, -100, -100, -100, -100, -100, -100, -100, -100, -100, -100, -100, -100, -100, -100, -100, -100, -100, -100, -100, -100, -100, -100, -100, -100, -100, -100, -100, -100, -100, -100, -100, -100, -100, -100, -100, -100, -100, -100, -100, -100, -100, -100, -100, -100, -100, -100, -100, -100, -100, -100, -100, -100, -100, -100, -100, -100, -100, -100, -100, -100, -100, -100, -100, -100, -100, -100, -100, -100, -100, -100, -100, -100, -100, -100, -100, -100, -100, -100, -100, -100, -100, -100, -100, 475, -100, -100, -100, 263, -100, -100, -100, -100, -100, 433, -100, -100, -100, -100, -100, -100, -100, 341, -100, -100, -100, 397, -100, 448, -100, -100, -100, 488, -100, -100, -100, -100, -100, -100, -100, -100, -100, -100, -100, 352, -100, 383, -100, -100, -100, -100, -100, -100, -100, -100, -100, -100, -100, -100, -100, -100, -100, 401, -100, -100, -100, -100, -100, -100, -100, -100, -100, -100, -100, -100, -100, 353, -100, 426, -100, -100, -100, -100, -100, -100, -100, -100, -100, -100, -100, -100, -100, -100, -100, -100, -100, -100, -100, -100, -100, -100, -100, 322, -100, 376, -100, 269, -100, -100, -100, -100, -100, -100, -100, 270, -100, -100, -100, -100, -100, -100, -100, -100, -100]

KV prefix (first 2 * num_kv_pairs positions):
  186 -> 322
  48 -> 475
  55 -> 397
  156 -> 352
  193 -> 341
  66 -> 353
  64 -> 433
  146 -> 376
  126 -> 383
  187 -> 448
  88 -> 488
  224 -> 263
  40 -> 426
  102 -> 269
  22 -> 401
  217 -> 270

Query position range (this sample): min_t=136 max_t=246 (count=16)

Query positions:
  pos=136, query=48, expected_label=475, kv_lookup=475, OK
  pos=140, query=224, expected_label=263, kv_lookup=263, OK
  pos=146, query=64, expected_label=433, kv_lookup=433, OK
  pos=154, query=193, expected_label=341, kv_lookup=341, OK
  pos=158, query=55, expected_label=397, kv_lookup=397, OK
  pos=160, query=187, expected_label=448, kv_lookup=448, OK
  pos=164, query=88, expected_label=488, kv_lookup=488, OK
  pos=176, query=156, expected_label=352, kv_lookup=352, OK
  pos=178, query=126, expected_label=383, kv_lookup=383, OK
  pos=194, query=22, expected_label=401, kv_lookup=401, OK
  pos=208, query=66, expected_label=353, kv_lookup=353, OK
  pos=210, query=40, expected_label=426, kv_lookup=426, OK
  pos=234, query=186, expected_label=322, kv_lookup=322, OK
  pos=236, query=146, expected_label=376, kv_lookup=376, OK
  pos=238, query=102, expected_label=269, kv_lookup=269, OK
  pos=246, query=217, expected_label=270, kv_lookup=270, OK

Annotated sequence:
  186 322 48 475 55 397 156 352 193 341 66 353 64 433 146 376 126 383 187 448 88 488 224 263 40 426 102 269 22 401 217 270 408 407 12 315 505 390 312 35 172 19 320 263 511 493 399 141 459 370 470 142 91 353 321 287 214 446 341 50 152 185 62 189 124 149 313 57 341 304 179 169 325 270 53 490 443 100 480 263 52 59 491 107 4 102 195 261 364 479 371 349 46 354 310 423 307 143 268 369 123 105 157 146 144 119 318 274 91 57 438 345 228 473 116 317 278 126 392 395 500 128 57 121 0 238 289 95 125 117 47 88 487 236 372 384 48 [Q=48 A=475] 188 486 191 224 [Q=224 A=263] 68 277 348 246 450 64 [Q=64 A=433] 153 143 434 484 85 184 284 193 [Q=193 A=341] 219 68 46 55 [Q=55 A=397] 93 187 [Q=187 A=448] 445 499 452 88 [Q=88 A=488] 399 217 473 431 340 38 99 288 253 221 356 156 [Q=156 A=352] 249 126 [Q=126 A=383] 245 324 99 289 179 222 393 249 146 441 95 256 503 324 492 22 [Q=22 A=401] 15 279 335 246 257 496 475 383 159 474 339 151 395 66 [Q=66 A=353] 162 40 [Q=40 A=426] 32 416 444 178 426 100 267 322 64 416 167 329 42 43 284 396 11 94 301 385 252 498 241 186 [Q=186 A=322] 214 146 [Q=146 A=376] 89 102 [Q=102 A=269] 92 409 457 89 509 417 114 217 [Q=217 A=270] 390 195 313 500 113 492 74 412 375

========================================================================
sample_id = 3

input_ids:
  [100, 406, 117, 433, 223, 495, 227, 497, 250, 405, 35, 498, 248, 425, 16, 372, 188, 263, 139, 445, 203, 470, 27, 439, 136, 349, 105, 327, 125, 443, 128, 367, 360, 285, 272, 368, 61, 83, 367, 216, 341, 396, 186, 18, 176, 99, 395, 444, 232, 402, 75, 264, 454, 283, 205, 222, 383, 51, 338, 505, 366, 143, 372, 68, 98, 395, 24, 435, 378, 468, 483, 52, 150, 143, 56, 38, 108, 180, 41, 185, 422, 397, 222, 121, 132, 162, 214, 220, 234, 330, 145, 238, 75, 8, 73, 441, 491, 400, 252, 229, 6, 173, 140, 167, 169, 392, 433, 282, 121, 193, 4, 28, 164, 421, 338, 135, 495, 364, 320, 341, 499, 144, 510, 326, 216, 300, 131, 291, 69, 251, 414, 274, 444, 363, 181, 166, 90, 201, 188, 18, 38, 125, 450, 172, 140, 241, 27, 125, 57, 147, 475, 455, 316, 382, 100, 422, 0, 386, 460, 347, 139, 504, 190, 507, 16, 408, 311, 416, 136, 116, 133, 57, 125, 172, 159, 172, 316, 302, 148, 79, 373, 212, 202, 251, 228, 163, 226, 146, 19, 440, 401, 46, 232, 304, 227, 142, 414, 0, 372, 53, 128, 258, 143, 470, 440, 458, 11, 329, 117, 271, 455, 357, 459, 407, 155, 372, 223, 121, 347, 163, 89, 135, 185, 315, 177, 27, 219, 356, 203, 227, 191, 410, 105, 446, 144, 200, 416, 500, 211, 460, 35, 239, 412, 396, 45, 34, 252, 389, 81, 370, 255, 196, 248, 408, 250, 9]

labels:
  [-100, -100, -100, -100, -100, -100, -100, -100, -100, -100, -100, -100, -100, -100, -100, -100, -100, -100, -100, -100, -100, -100, -100, -100, -100, -100, -100, -100, -100, -100, -100, -100, -100, -100, -100, -100, -100, -100, -100, -100, -100, -100, -100, -100, -100, -100, -100, -100, -100, -100, -100, -100, -100, -100, -100, -100, -100, -100, -100, -100, -100, -100, -100, -100, -100, -100, -100, -100, -100, -100, -100, -100, -100, -100, -100, -100, -100, -100, -100, -100, -100, -100, -100, -100, -100, -100, -100, -100, -100, -100, -100, -100, -100, -100, -100, -100, -100, -100, -100, -100, -100, -100, -100, -100, -100, -100, -100, -100, -100, -100, -100, -100, -100, -100, -100, -100, -100, -100, -100, -100, -100, -100, -100, -100, -100, -100, -100, -100, -100, -100, -100, -100, -100, -100, -100, -100, -100, -100, 263, -100, -100, -100, -100, -100, -100, -100, 439, -100, -100, -100, -100, -100, -100, -100, 406, -100, -100, -100, -100, -100, 445, -100, -100, -100, 372, -100, -100, -100, 349, -100, -100, -100, 443, -100, -100, -100, -100, -100, -100, -100, -100, -100, -100, -100, -100, -100, -100, -100, -100, -100, -100, -100, -100, -100, 497, -100, -100, -100, -100, -100, 367, -100, -100, -100, -100, -100, -100, -100, 433, -100, -100, -100, -100, -100, -100, -100, 495, -100, -100, -100, -100, -100, -100, -100, -100, -100, -100, -100, 470, -100, -100, -100, 327, -100, -100, -100, -100, -100, -100, -100, 498, -100, -100, -100, -100, -100, -100, -100, -100, -100, -100, -100, 425, -100, 405, -100]

KV prefix (first 2 * num_kv_pairs positions):
  100 -> 406
  117 -> 433
  223 -> 495
  227 -> 497
  250 -> 405
  35 -> 498
  248 -> 425
  16 -> 372
  188 -> 263
  139 -> 445
  203 -> 470
  27 -> 439
  136 -> 349
  105 -> 327
  125 -> 443
  128 -> 367

Query position range (this sample): min_t=138 max_t=254 (count=16)

Query positions:
  pos=138, query=188, expected_label=263, kv_lookup=263, OK
  pos=146, query=27, expected_label=439, kv_lookup=439, OK
  pos=154, query=100, expected_label=406, kv_lookup=406, OK
  pos=160, query=139, expected_label=445, kv_lookup=445, OK
  pos=164, query=16, expected_label=372, kv_lookup=372, OK
  pos=168, query=136, expected_label=349, kv_lookup=349, OK
  pos=172, query=125, expected_label=443, kv_lookup=443, OK
  pos=194, query=227, expected_label=497, kv_lookup=497, OK
  pos=200, query=128, expected_label=367, kv_lookup=367, OK
  pos=208, query=117, expected_label=433, kv_lookup=433, OK
  pos=216, query=223, expected_label=495, kv_lookup=495, OK
  pos=228, query=203, expected_label=470, kv_lookup=470, OK
  pos=232, query=105, expected_label=327, kv_lookup=327, OK
  pos=240, query=35, expected_label=498, kv_lookup=498, OK
  pos=252, query=248, expected_label=425, kv_lookup=425, OK
  pos=254, query=250, expected_label=405, kv_lookup=405, OK

Annotated sequence:
  100 406 117 433 223 495 227 497 250 405 35 498 248 425 16 372 188 263 139 445 203 470 27 439 136 349 105 327 125 443 128 367 360 285 272 368 61 83 367 216 341 396 186 18 176 99 395 444 232 402 75 264 454 283 205 222 383 51 338 505 366 143 372 68 98 395 24 435 378 468 483 52 150 143 56 38 108 180 41 185 422 397 222 121 132 162 214 220 234 330 145 238 75 8 73 441 491 400 252 229 6 173 140 167 169 392 433 282 121 193 4 28 164 421 338 135 495 364 320 341 499 144 510 326 216 300 131 291 69 251 414 274 444 363 181 166 90 201 188 [Q=188 A=263] 18 38 125 450 172 140 241 27 [Q=27 A=439] 125 57 147 475 455 316 382 100 [Q=100 A=406] 422 0 386 460 347 139 [Q=139 A=445] 504 190 507 16 [Q=16 A=372] 408 311 416 136 [Q=136 A=349] 116 133 57 125 [Q=125 A=443] 172 159 172 316 302 148 79 373 212 202 251 228 163 226 146 19 440 401 46 232 304 227 [Q=227 A=497] 142 414 0 372 53 128 [Q=128 A=367] 258 143 470 440 458 11 329 117 [Q=117 A=433] 271 455 357 459 407 155 372 223 [Q=223 A=495] 121 347 163 89 135 185 315 177 27 219 356 203 [Q=203 A=470] 227 191 410 105 [Q=105 A=327] 446 144 200 416 500 211 460 35 [Q=35 A=498] 239 412 396 45 34 252 389 81 370 255 196 248 [Q=248 A=425] 408 250 [Q=250 A=405] 9

========================================================================
sample_id = 4

input_ids:
  [77, 485, 160, 453, 80, 427, 91, 292, 250, 284, 229, 323, 110, 343, 214, 464, 119, 272, 4, 452, 3, 489, 151, 301, 45, 256, 232, 391, 127, 423, 247, 350, 495, 310, 5, 475, 464, 196, 350, 132, 357, 258, 436, 22, 484, 52, 164, 201, 457, 82, 144, 84, 77, 456, 365, 0, 50, 172, 204, 259, 445, 448, 368, 487, 287, 33, 347, 94, 71, 38, 153, 249, 161, 437, 117, 258, 378, 305, 267, 448, 53, 235, 388, 477, 221, 250, 312, 400, 111, 254, 302, 406, 206, 228, 340, 397, 65, 74, 434, 102, 421, 191, 251, 225, 293, 305, 97, 337, 285, 334, 346, 434, 446, 481, 307, 248, 165, 480, 471, 334, 507, 29, 246, 105, 50, 80, 132, 284, 250, 137, 183, 400, 127, 272, 151, 339, 471, 68, 33, 261, 247, 449, 204, 125, 234, 42, 239, 458, 370, 110, 4, 150, 182, 335, 94, 458, 373, 399, 45, 387, 91, 387, 183, 280, 194, 351, 194, 154, 92, 159, 160, 60, 121, 50, 402, 276, 4, 465, 232, 169, 214, 21, 404, 325, 0, 132, 232, 11, 345, 45, 33, 432, 77, 217, 300, 410, 72, 281, 77, 46, 120, 213, 238, 55, 80, 106, 318, 47, 60, 336, 25, 291, 256, 7, 112, 354, 252, 179, 229, 302, 126, 55, 213, 13, 473, 27, 470, 77, 215, 385, 364, 153, 13, 186, 311, 370, 6, 2, 110, 406, 110, 362, 238, 507, 492, 273, 119, 293, 226, 370, 3, 191, 472, 118, 484, 27]

labels:
  [-100, -100, -100, -100, -100, -100, -100, -100, -100, -100, -100, -100, -100, -100, -100, -100, -100, -100, -100, -100, -100, -100, -100, -100, -100, -100, -100, -100, -100, -100, -100, -100, -100, -100, -100, -100, -100, -100, -100, -100, -100, -100, -100, -100, -100, -100, -100, -100, -100, -100, -100, -100, -100, -100, -100, -100, -100, -100, -100, -100, -100, -100, -100, -100, -100, -100, -100, -100, -100, -100, -100, -100, -100, -100, -100, -100, -100, -100, -100, -100, -100, -100, -100, -100, -100, -100, -100, -100, -100, -100, -100, -100, -100, -100, -100, -100, -100, -100, -100, -100, -100, -100, -100, -100, -100, -100, -100, -100, -100, -100, -100, -100, -100, -100, -100, -100, -100, -100, -100, -100, -100, -100, -100, -100, -100, -100, -100, -100, 284, -100, -100, -100, 423, -100, 301, -100, -100, -100, -100, -100, 350, -100, -100, -100, -100, -100, -100, -100, -100, -100, 452, -100, -100, -100, -100, -100, -100, -100, 256, -100, 292, -100, -100, -100, -100, -100, -100, -100, -100, -100, 453, -100, -100, -100, -100, -100, -100, -100, 391, -100, 464, -100, -100, -100, -100, -100, -100, -100, -100, -100, -100, -100, -100, -100, -100, -100, -100, -100, 485, -100, -100, -100, -100, -100, 427, -100, -100, -100, -100, -100, -100, -100, -100, -100, -100, -100, -100, -100, 323, -100, -100, -100, -100, -100, -100, -100, -100, -100, -100, -100, -100, -100, -100, -100, -100, -100, -100, -100, -100, -100, 343, -100, -100, -100, -100, -100, 272, -100, -100, -100, 489, -100, -100, -100, -100, -100]

KV prefix (first 2 * num_kv_pairs positions):
  77 -> 485
  160 -> 453
  80 -> 427
  91 -> 292
  250 -> 284
  229 -> 323
  110 -> 343
  214 -> 464
  119 -> 272
  4 -> 452
  3 -> 489
  151 -> 301
  45 -> 256
  232 -> 391
  127 -> 423
  247 -> 350

Query position range (this sample): min_t=128 max_t=250 (count=16)

Query positions:
  pos=128, query=250, expected_label=284, kv_lookup=284, OK
  pos=132, query=127, expected_label=423, kv_lookup=423, OK
  pos=134, query=151, expected_label=301, kv_lookup=301, OK
  pos=140, query=247, expected_label=350, kv_lookup=350, OK
  pos=150, query=4, expected_label=452, kv_lookup=452, OK
  pos=158, query=45, expected_label=256, kv_lookup=256, OK
  pos=160, query=91, expected_label=292, kv_lookup=292, OK
  pos=170, query=160, expected_label=453, kv_lookup=453, OK
  pos=178, query=232, expected_label=391, kv_lookup=391, OK
  pos=180, query=214, expected_label=464, kv_lookup=464, OK
  pos=198, query=77, expected_label=485, kv_lookup=485, OK
  pos=204, query=80, expected_label=427, kv_lookup=427, OK
  pos=218, query=229, expected_label=323, kv_lookup=323, OK
  pos=240, query=110, expected_label=343, kv_lookup=343, OK
  pos=246, query=119, expected_label=272, kv_lookup=272, OK
  pos=250, query=3, expected_label=489, kv_lookup=489, OK

Annotated sequence:
  77 485 160 453 80 427 91 292 250 284 229 323 110 343 214 464 119 272 4 452 3 489 151 301 45 256 232 391 127 423 247 350 495 310 5 475 464 196 350 132 357 258 436 22 484 52 164 201 457 82 144 84 77 456 365 0 50 172 204 259 445 448 368 487 287 33 347 94 71 38 153 249 161 437 117 258 378 305 267 448 53 235 388 477 221 250 312 400 111 254 302 406 206 228 340 397 65 74 434 102 421 191 251 225 293 305 97 337 285 334 346 434 446 481 307 248 165 480 471 334 507 29 246 105 50 80 132 284 250 [Q=250 A=284] 137 183 400 127 [Q=127 A=423] 272 151 [Q=151 A=301] 339 471 68 33 261 247 [Q=247 A=350] 449 204 125 234 42 239 458 370 110 4 [Q=4 A=452] 150 182 335 94 458 373 399 45 [Q=45 A=256] 387 91 [Q=91 A=292] 387 183 280 194 351 194 154 92 159 160 [Q=160 A=453] 60 121 50 402 276 4 465 232 [Q=232 A=391] 169 214 [Q=214 A=464] 21 404 325 0 132 232 11 345 45 33 432 77 217 300 410 72 281 77 [Q=77 A=485] 46 120 213 238 55 80 [Q=80 A=427] 106 318 47 60 336 25 291 256 7 112 354 252 179 229 [Q=229 A=323] 302 126 55 213 13 473 27 470 77 215 385 364 153 13 186 311 370 6 2 110 406 110 [Q=110 A=343] 362 238 507 492 273 119 [Q=119 A=272] 293 226 370 3 [Q=3 A=489] 191 472 118 484 27