========================================================================
sample_id = 0

input_ids:
  [74, 543, 219, 598, 26, 617, 209, 483, 10, 615, 102, 611, 177, 633, 187, 612, 64, 451, 117, 580, 280, 424, 76, 579, 165, 455, 174, 443, 212, 563, 85, 482, 26, 569, 64, 124, 177, 216, 209, 90, 186, 382, 297, 639, 347, 443, 10, 14, 573, 317, 74, 189, 280, 619, 212, 499, 575, 504, 117, 228, 306, 390, 165, 200, 550, 401, 3, 600, 571, 141, 497, 249, 264, 473, 308, 129, 83, 347, 238, 571, 454, 171, 636, 263, 302, 290, 589, 208, 35, 433, 487, 387, 385, 509, 261, 565, 102, 259, 181, 604, 219, 273, 217, 555, 417, 201, 445, 227, 85, 478, 175, 14, 174, 461, 187, 379, 120, 189, 76, 468, 79, 236, 337, 366, 180, 279, 25, 472]

labels:
  [-100, -100, -100, -100, -100, -100, -100, -100, -100, -100, -100, -100, -100, -100, -100, -100, -100, -100, -100, -100, -100, -100, -100, -100, -100, -100, -100, -100, -100, -100, -100, -100, 617, -100, 451, -100, 633, -100, 483, -100, -100, -100, -100, -100, -100, -100, 615, -100, -100, -100, 543, -100, 424, -100, 563, -100, -100, -100, 580, -100, -100, -100, 455, -100, -100, -100, -100, -100, -100, -100, -100, -100, -100, -100, -100, -100, -100, -100, -100, -100, -100, -100, -100, -100, -100, -100, -100, -100, -100, -100, -100, -100, -100, -100, -100, -100, 611, -100, -100, -100, 598, -100, -100, -100, -100, -100, -100, -100, 482, -100, -100, -100, 443, -100, 612, -100, -100, -100, 579, -100, -100, -100, -100, -100, -100, -100, -100, -100]

KV prefix (first 2 * num_kv_pairs positions):
  74 -> 543
  219 -> 598
  26 -> 617
  209 -> 483
  10 -> 615
  102 -> 611
  177 -> 633
  187 -> 612
  64 -> 451
  117 -> 580
  280 -> 424
  76 -> 579
  165 -> 455
  174 -> 443
  212 -> 563
  85 -> 482

Query positions:
  pos=32, query=26, expected_label=617, kv_lookup=617, OK
  pos=34, query=64, expected_label=451, kv_lookup=451, OK
  pos=36, query=177, expected_label=633, kv_lookup=633, OK
  pos=38, query=209, expected_label=483, kv_lookup=483, OK
  pos=46, query=10, expected_label=615, kv_lookup=615, OK
  pos=50, query=74, expected_label=543, kv_lookup=543, OK
  pos=52, query=280, expected_label=424, kv_lookup=424, OK
  pos=54, query=212, expected_label=563, kv_lookup=563, OK
  pos=58, query=117, expected_label=580, kv_lookup=580, OK
  pos=62, query=165, expected_label=455, kv_lookup=455, OK
  pos=96, query=102, expected_label=611, kv_lookup=611, OK
  pos=100, query=219, expected_label=598, kv_lookup=598, OK
  pos=108, query=85, expected_label=482, kv_lookup=482, OK
  pos=112, query=174, expected_label=443, kv_lookup=443, OK
  pos=114, query=187, expected_label=612, kv_lookup=612, OK
  pos=118, query=76, expected_label=579, kv_lookup=579, OK

Annotated sequence:
  74 543 219 598 26 617 209 483 10 615 102 611 177 633 187 612 64 451 117 580 280 424 76 579 165 455 174 443 212 563 85 482 26 [Q=26 A=617] 569 64 [Q=64 A=451] 124 177 [Q=177 A=633] 216 209 [Q=209 A=483] 90 186 382 297 639 347 443 10 [Q=10 A=615] 14 573 317 74 [Q=74 A=543] 189 280 [Q=280 A=424] 619 212 [Q=212 A=563] 499 575 504 117 [Q=117 A=580] 228 306 390 165 [Q=165 A=455] 200 550 401 3 600 571 141 497 249 264 473 308 129 83 347 238 571 454 171 636 263 302 290 589 208 35 433 487 387 385 509 261 565 102 [Q=102 A=611] 259 181 604 219 [Q=219 A=598] 273 217 555 417 201 445 227 85 [Q=85 A=482] 478 175 14 174 [Q=174 A=443] 461 187 [Q=187 A=612] 379 120 189 76 [Q=76 A=579] 468 79 236 337 366 180 279 25 472

========================================================================
sample_id = 1

input_ids:
  [88, 405, 194, 608, 316, 577, 292, 369, 73, 434, 98, 330, 242, 504, 131, 362, 231, 547, 175, 341, 169, 349, 178, 344, 182, 541, 82, 525, 119, 498, 181, 594, 316, 200, 88, 267, 231, 288, 175, 118, 22, 445, 73, 164, 178, 171, 119, 469, 602, 546, 194, 482, 182, 302, 131, 130, 0, 516, 345, 630, 126, 269, 102, 154, 181, 590, 142, 473, 169, 251, 76, 434, 82, 479, 614, 368, 179, 252, 95, 259, 349, 356, 534, 230, 242, 142, 554, 540, 291, 140, 287, 70, 58, 498, 469, 411, 193, 41, 292, 61, 440, 628, 5, 411, 27, 619, 299, 595, 29, 317, 330, 383, 121, 246, 603, 216, 102, 445, 98, 384, 632, 538, 573, 120, 115, 332, 104, 258]

labels:
  [-100, -100, -100, -100, -100, -100, -100, -100, -100, -100, -100, -100, -100, -100, -100, -100, -100, -100, -100, -100, -100, -100, -100, -100, -100, -100, -100, -100, -100, -100, -100, -100, 577, -100, 405, -100, 547, -100, 341, -100, -100, -100, 434, -100, 344, -100, 498, -100, -100, -100, 608, -100, 541, -100, 362, -100, -100, -100, -100, -100, -100, -100, -100, -100, 594, -100, -100, -100, 349, -100, -100, -100, 525, -100, -100, -100, -100, -100, -100, -100, -100, -100, -100, -100, 504, -100, -100, -100, -100, -100, -100, -100, -100, -100, -100, -100, -100, -100, 369, -100, -100, -100, -100, -100, -100, -100, -100, -100, -100, -100, -100, -100, -100, -100, -100, -100, -100, -100, 330, -100, -100, -100, -100, -100, -100, -100, -100, -100]

KV prefix (first 2 * num_kv_pairs positions):
  88 -> 405
  194 -> 608
  316 -> 577
  292 -> 369
  73 -> 434
  98 -> 330
  242 -> 504
  131 -> 362
  231 -> 547
  175 -> 341
  169 -> 349
  178 -> 344
  182 -> 541
  82 -> 525
  119 -> 498
  181 -> 594

Query positions:
  pos=32, query=316, expected_label=577, kv_lookup=577, OK
  pos=34, query=88, expected_label=405, kv_lookup=405, OK
  pos=36, query=231, expected_label=547, kv_lookup=547, OK
  pos=38, query=175, expected_label=341, kv_lookup=341, OK
  pos=42, query=73, expected_label=434, kv_lookup=434, OK
  pos=44, query=178, expected_label=344, kv_lookup=344, OK
  pos=46, query=119, expected_label=498, kv_lookup=498, OK
  pos=50, query=194, expected_label=608, kv_lookup=608, OK
  pos=52, query=182, expected_label=541, kv_lookup=541, OK
  pos=54, query=131, expected_label=362, kv_lookup=362, OK
  pos=64, query=181, expected_label=594, kv_lookup=594, OK
  pos=68, query=169, expected_label=349, kv_lookup=349, OK
  pos=72, query=82, expected_label=525, kv_lookup=525, OK
  pos=84, query=242, expected_label=504, kv_lookup=504, OK
  pos=98, query=292, expected_label=369, kv_lookup=369, OK
  pos=118, query=98, expected_label=330, kv_lookup=330, OK

Annotated sequence:
  88 405 194 608 316 577 292 369 73 434 98 330 242 504 131 362 231 547 175 341 169 349 178 344 182 541 82 525 119 498 181 594 316 [Q=316 A=577] 200 88 [Q=88 A=405] 267 231 [Q=231 A=547] 288 175 [Q=175 A=341] 118 22 445 73 [Q=73 A=434] 164 178 [Q=178 A=344] 171 119 [Q=119 A=498] 469 602 546 194 [Q=194 A=608] 482 182 [Q=182 A=541] 302 131 [Q=131 A=362] 130 0 516 345 630 126 269 102 154 181 [Q=181 A=594] 590 142 473 169 [Q=169 A=349] 251 76 434 82 [Q=82 A=525] 479 614 368 179 252 95 259 349 356 534 230 242 [Q=242 A=504] 142 554 540 291 140 287 70 58 498 469 411 193 41 292 [Q=292 A=369] 61 440 628 5 411 27 619 299 595 29 317 330 383 121 246 603 216 102 445 98 [Q=98 A=330] 384 632 538 573 120 115 332 104 258

========================================================================
sample_id = 2

input_ids:
  [16, 637, 148, 479, 100, 543, 32, 529, 128, 499, 125, 355, 187, 496, 124, 332, 77, 460, 223, 377, 167, 579, 71, 492, 153, 333, 102, 362, 161, 621, 27, 597, 32, 55, 148, 58, 77, 1, 124, 475, 161, 470, 102, 607, 187, 512, 402, 637, 1, 436, 223, 601, 125, 453, 287, 246, 167, 310, 458, 55, 16, 528, 126, 421, 128, 68, 153, 609, 581, 341, 27, 382, 239, 271, 96, 200, 379, 186, 325, 463, 100, 258, 275, 123, 314, 419, 18, 473, 194, 382, 274, 531, 223, 582, 179, 488, 416, 423, 639, 294, 71, 231, 256, 394, 347, 568, 600, 561, 534, 542, 477, 41, 610, 134, 635, 399, 217, 111, 376, 499, 571, 624, 129, 256, 47, 381, 11, 580]

labels:
  [-100, -100, -100, -100, -100, -100, -100, -100, -100, -100, -100, -100, -100, -100, -100, -100, -100, -100, -100, -100, -100, -100, -100, -100, -100, -100, -100, -100, -100, -100, -100, -100, 529, -100, 479, -100, 460, -100, 332, -100, 621, -100, 362, -100, 496, -100, -100, -100, -100, -100, 377, -100, 355, -100, -100, -100, 579, -100, -100, -100, 637, -100, -100, -100, 499, -100, 333, -100, -100, -100, 597, -100, -100, -100, -100, -100, -100, -100, -100, -100, 543, -100, -100, -100, -100, -100, -100, -100, -100, -100, -100, -100, -100, -100, -100, -100, -100, -100, -100, -100, 492, -100, -100, -100, -100, -100, -100, -100, -100, -100, -100, -100, -100, -100, -100, -100, -100, -100, -100, -100, -100, -100, -100, -100, -100, -100, -100, -100]

KV prefix (first 2 * num_kv_pairs positions):
  16 -> 637
  148 -> 479
  100 -> 543
  32 -> 529
  128 -> 499
  125 -> 355
  187 -> 496
  124 -> 332
  77 -> 460
  223 -> 377
  167 -> 579
  71 -> 492
  153 -> 333
  102 -> 362
  161 -> 621
  27 -> 597

Query positions:
  pos=32, query=32, expected_label=529, kv_lookup=529, OK
  pos=34, query=148, expected_label=479, kv_lookup=479, OK
  pos=36, query=77, expected_label=460, kv_lookup=460, OK
  pos=38, query=124, expected_label=332, kv_lookup=332, OK
  pos=40, query=161, expected_label=621, kv_lookup=621, OK
  pos=42, query=102, expected_label=362, kv_lookup=362, OK
  pos=44, query=187, expected_label=496, kv_lookup=496, OK
  pos=50, query=223, expected_label=377, kv_lookup=377, OK
  pos=52, query=125, expected_label=355, kv_lookup=355, OK
  pos=56, query=167, expected_label=579, kv_lookup=579, OK
  pos=60, query=16, expected_label=637, kv_lookup=637, OK
  pos=64, query=128, expected_label=499, kv_lookup=499, OK
  pos=66, query=153, expected_label=333, kv_lookup=333, OK
  pos=70, query=27, expected_label=597, kv_lookup=597, OK
  pos=80, query=100, expected_label=543, kv_lookup=543, OK
  pos=100, query=71, expected_label=492, kv_lookup=492, OK

Annotated sequence:
  16 637 148 479 100 543 32 529 128 499 125 355 187 496 124 332 77 460 223 377 167 579 71 492 153 333 102 362 161 621 27 597 32 [Q=32 A=529] 55 148 [Q=148 A=479] 58 77 [Q=77 A=460] 1 124 [Q=124 A=332] 475 161 [Q=161 A=621] 470 102 [Q=102 A=362] 607 187 [Q=187 A=496] 512 402 637 1 436 223 [Q=223 A=377] 601 125 [Q=125 A=355] 453 287 246 167 [Q=167 A=579] 310 458 55 16 [Q=16 A=637] 528 126 421 128 [Q=128 A=499] 68 153 [Q=153 A=333] 609 581 341 27 [Q=27 A=597] 382 239 271 96 200 379 186 325 463 100 [Q=100 A=543] 258 275 123 314 419 18 473 194 382 274 531 223 582 179 488 416 423 639 294 71 [Q=71 A=492] 231 256 394 347 568 600 561 534 542 477 41 610 134 635 399 217 111 376 499 571 624 129 256 47 381 11 580

========================================================================
sample_id = 3

input_ids:
  [21, 552, 177, 445, 250, 378, 96, 484, 163, 547, 142, 396, 239, 489, 56, 360, 281, 385, 257, 563, 277, 341, 238, 606, 66, 491, 45, 479, 305, 417, 214, 384, 177, 273, 214, 109, 277, 449, 53, 290, 96, 60, 142, 227, 45, 451, 239, 397, 276, 559, 21, 247, 56, 519, 238, 578, 163, 639, 288, 559, 459, 314, 626, 597, 630, 533, 493, 157, 165, 485, 108, 178, 53, 7, 410, 154, 225, 276, 285, 224, 283, 238, 257, 224, 324, 123, 60, 47, 274, 131, 66, 447, 176, 639, 400, 299, 475, 157, 220, 429, 628, 5, 610, 507, 360, 548, 281, 476, 112, 557, 436, 478, 250, 571, 305, 115, 62, 636, 84, 159, 342, 160, 383, 66, 383, 145, 24, 361]

labels:
  [-100, -100, -100, -100, -100, -100, -100, -100, -100, -100, -100, -100, -100, -100, -100, -100, -100, -100, -100, -100, -100, -100, -100, -100, -100, -100, -100, -100, -100, -100, -100, -100, 445, -100, 384, -100, 341, -100, -100, -100, 484, -100, 396, -100, 479, -100, 489, -100, -100, -100, 552, -100, 360, -100, 606, -100, 547, -100, -100, -100, -100, -100, -100, -100, -100, -100, -100, -100, -100, -100, -100, -100, -100, -100, -100, -100, -100, -100, -100, -100, -100, -100, 563, -100, -100, -100, -100, -100, -100, -100, 491, -100, -100, -100, -100, -100, -100, -100, -100, -100, -100, -100, -100, -100, -100, -100, 385, -100, -100, -100, -100, -100, 378, -100, 417, -100, -100, -100, -100, -100, -100, -100, -100, -100, -100, -100, -100, -100]

KV prefix (first 2 * num_kv_pairs positions):
  21 -> 552
  177 -> 445
  250 -> 378
  96 -> 484
  163 -> 547
  142 -> 396
  239 -> 489
  56 -> 360
  281 -> 385
  257 -> 563
  277 -> 341
  238 -> 606
  66 -> 491
  45 -> 479
  305 -> 417
  214 -> 384

Query positions:
  pos=32, query=177, expected_label=445, kv_lookup=445, OK
  pos=34, query=214, expected_label=384, kv_lookup=384, OK
  pos=36, query=277, expected_label=341, kv_lookup=341, OK
  pos=40, query=96, expected_label=484, kv_lookup=484, OK
  pos=42, query=142, expected_label=396, kv_lookup=396, OK
  pos=44, query=45, expected_label=479, kv_lookup=479, OK
  pos=46, query=239, expected_label=489, kv_lookup=489, OK
  pos=50, query=21, expected_label=552, kv_lookup=552, OK
  pos=52, query=56, expected_label=360, kv_lookup=360, OK
  pos=54, query=238, expected_label=606, kv_lookup=606, OK
  pos=56, query=163, expected_label=547, kv_lookup=547, OK
  pos=82, query=257, expected_label=563, kv_lookup=563, OK
  pos=90, query=66, expected_label=491, kv_lookup=491, OK
  pos=106, query=281, expected_label=385, kv_lookup=385, OK
  pos=112, query=250, expected_label=378, kv_lookup=378, OK
  pos=114, query=305, expected_label=417, kv_lookup=417, OK

Annotated sequence:
  21 552 177 445 250 378 96 484 163 547 142 396 239 489 56 360 281 385 257 563 277 341 238 606 66 491 45 479 305 417 214 384 177 [Q=177 A=445] 273 214 [Q=214 A=384] 109 277 [Q=277 A=341] 449 53 290 96 [Q=96 A=484] 60 142 [Q=142 A=396] 227 45 [Q=45 A=479] 451 239 [Q=239 A=489] 397 276 559 21 [Q=21 A=552] 247 56 [Q=56 A=360] 519 238 [Q=238 A=606] 578 163 [Q=163 A=547] 639 288 559 459 314 626 597 630 533 493 157 165 485 108 178 53 7 410 154 225 276 285 224 283 238 257 [Q=257 A=563] 224 324 123 60 47 274 131 66 [Q=66 A=491] 447 176 639 400 299 475 157 220 429 628 5 610 507 360 548 281 [Q=281 A=385] 476 112 557 436 478 250 [Q=250 A=378] 571 305 [Q=305 A=417] 115 62 636 84 159 342 160 383 66 383 145 24 361

========================================================================
sample_id = 4

input_ids:
  [136, 348, 177, 342, 184, 432, 228, 425, 119, 465, 94, 541, 22, 340, 261, 635, 105, 461, 272, 501, 318, 612, 306, 502, 287, 352, 30, 427, 254, 402, 1, 419, 94, 23, 136, 187, 105, 6, 228, 35, 172, 275, 64, 263, 254, 109, 184, 525, 119, 626, 318, 14, 347, 353, 306, 31, 214, 62, 341, 178, 280, 441, 318, 445, 1, 277, 569, 441, 469, 304, 307, 297, 581, 270, 309, 106, 443, 228, 96, 519, 180, 443, 235, 235, 132, 358, 67, 133, 177, 223, 22, 221, 558, 610, 287, 551, 307, 271, 272, 497, 635, 361, 157, 274, 261, 503, 318, 274, 219, 441, 566, 345, 612, 217, 116, 189, 406, 510, 520, 395, 500, 384, 30, 249, 128, 366, 417, 479]

labels:
  [-100, -100, -100, -100, -100, -100, -100, -100, -100, -100, -100, -100, -100, -100, -100, -100, -100, -100, -100, -100, -100, -100, -100, -100, -100, -100, -100, -100, -100, -100, -100, -100, 541, -100, 348, -100, 461, -100, 425, -100, -100, -100, -100, -100, 402, -100, 432, -100, 465, -100, 612, -100, -100, -100, 502, -100, -100, -100, -100, -100, -100, -100, -100, -100, 419, -100, -100, -100, -100, -100, -100, -100, -100, -100, -100, -100, -100, -100, -100, -100, -100, -100, -100, -100, -100, -100, -100, -100, 342, -100, 340, -100, -100, -100, 352, -100, -100, -100, 501, -100, -100, -100, -100, -100, 635, -100, -100, -100, -100, -100, -100, -100, -100, -100, -100, -100, -100, -100, -100, -100, -100, -100, 427, -100, -100, -100, -100, -100]

KV prefix (first 2 * num_kv_pairs positions):
  136 -> 348
  177 -> 342
  184 -> 432
  228 -> 425
  119 -> 465
  94 -> 541
  22 -> 340
  261 -> 635
  105 -> 461
  272 -> 501
  318 -> 612
  306 -> 502
  287 -> 352
  30 -> 427
  254 -> 402
  1 -> 419

Query positions:
  pos=32, query=94, expected_label=541, kv_lookup=541, OK
  pos=34, query=136, expected_label=348, kv_lookup=348, OK
  pos=36, query=105, expected_label=461, kv_lookup=461, OK
  pos=38, query=228, expected_label=425, kv_lookup=425, OK
  pos=44, query=254, expected_label=402, kv_lookup=402, OK
  pos=46, query=184, expected_label=432, kv_lookup=432, OK
  pos=48, query=119, expected_label=465, kv_lookup=465, OK
  pos=50, query=318, expected_label=612, kv_lookup=612, OK
  pos=54, query=306, expected_label=502, kv_lookup=502, OK
  pos=64, query=1, expected_label=419, kv_lookup=419, OK
  pos=88, query=177, expected_label=342, kv_lookup=342, OK
  pos=90, query=22, expected_label=340, kv_lookup=340, OK
  pos=94, query=287, expected_label=352, kv_lookup=352, OK
  pos=98, query=272, expected_label=501, kv_lookup=501, OK
  pos=104, query=261, expected_label=635, kv_lookup=635, OK
  pos=122, query=30, expected_label=427, kv_lookup=427, OK

Annotated sequence:
  136 348 177 342 184 432 228 425 119 465 94 541 22 340 261 635 105 461 272 501 318 612 306 502 287 352 30 427 254 402 1 419 94 [Q=94 A=541] 23 136 [Q=136 A=348] 187 105 [Q=105 A=461] 6 228 [Q=228 A=425] 35 172 275 64 263 254 [Q=254 A=402] 109 184 [Q=184 A=432] 525 119 [Q=119 A=465] 626 318 [Q=318 A=612] 14 347 353 306 [Q=306 A=502] 31 214 62 341 178 280 441 318 445 1 [Q=1 A=419] 277 569 441 469 304 307 297 581 270 309 106 443 228 96 519 180 443 235 235 132 358 67 133 177 [Q=177 A=342] 223 22 [Q=22 A=340] 221 558 610 287 [Q=287 A=352] 551 307 271 272 [Q=272 A=501] 497 635 361 157 274 261 [Q=261 A=635] 503 318 274 219 441 566 345 612 217 116 189 406 510 520 395 500 384 30 [Q=30 A=427] 249 128 366 417 479